97 24 11 2014 14 26
21 26 11 2014 11 45
18 26 11 2014 11 47
142 26 11 2014 11 52
85 26 11 2014 11 54
196 26 11 2014 11 57
0 26 11 2014 13 13
0 26 11 2014 13 47
0 26 11 2014 13 47
0 26 11 2014 13 48
0 26 11 2014 13 49
0 26 11 2014 13 50
0 26 11 2014 13 54
0 26 11 2014 13 56
0 26 11 2014 14 0
0 26 11 2014 14 1
0 26 11 2014 14 3
0 26 11 2014 14 4
0 26 11 2014 14 5
0 26 11 2014 14 7
0 26 11 2014 14 8
0 26 11 2014 16 19
258 26 11 2014 16 21
0 27 11 2014 12 19
134 27 11 2014 13 6
0 27 11 2014 13 14
0 27 11 2014 13 15
0 27 11 2014 13 15
0 27 11 2014 13 15
0 27 11 2014 13 16
0 27 11 2014 13 17
0 27 11 2014 13 18
0 27 11 2014 13 26
0 27 11 2014 13 30
0 27 11 2014 13 31
0 27 11 2014 13 33
0 27 11 2014 13 34
0 27 11 2014 13 35
0 27 11 2014 13 36
0 27 11 2014 13 37
0 27 11 2014 13 38
0 27 11 2014 13 39
0 27 11 2014 13 46
0 27 11 2014 13 46
0 27 11 2014 13 47
0 27 11 2014 13 48
0 27 11 2014 13 48
0 27 11 2014 13 53
0 27 11 2014 13 53
0 27 11 2014 13 54
0 27 11 2014 13 55
0 27 11 2014 13 56
0 27 11 2014 13 58
0 27 11 2014 13 59
0 27 11 2014 14 0
0 27 11 2014 14 4
0 27 11 2014 14 4
0 27 11 2014 14 5
0 27 11 2014 14 5
0 27 11 2014 14 6
0 27 11 2014 14 7
0 27 11 2014 14 8
267 27 11 2014 15 57
0 27 11 2014 15 59
.