121 2 11 2014 13 30
276 2 11 2014 15 10
273 3 11 2014 23 5
273 3 11 2014 23 5
973 3 11 2014 23 5
973 4 11 2014 0 23
973 4 11 2014 0 24
973 4 11 2014 0 24
973 4 11 2014 0 25
973 4 11 2014 0 26
973 4 11 2014 0 27
973 4 11 2014 0 27
973 4 11 2014 0 28
973 4 11 2014 0 28
973 4 11 2014 0 28
973 4 11 2014 0 29
973 4 11 2014 0 29
973 4 11 2014 13 35
973 4 11 2014 13 35
973 4 11 2014 13 35
973 6 11 2014 14 5
973 6 11 2014 20 23
973 6 11 2014 20 39
973 6 11 2014 20 39
973 6 11 2014 20 39
973 6 11 2014 20 40
973 6 11 2014 20 41
973 6 11 2014 20 41
973 6 11 2014 20 43
973 6 11 2014 20 44
973 6 11 2014 20 44
973 6 11 2014 20 45
973 6 11 2014 20 45
973 6 11 2014 20 46
973 6 11 2014 20 49
973 6 11 2014 20 53
.